# Output of JWST_backgrounds version 1.1.2
# background cache version 1.0

# for RA=261.6833333, DEC=-73.33222222 at wavelength=2.15 micron 
# Columns: 
# - Calendar day (Jan1=0) 
# - Total background (MJy/sr)
68    0.1773
69    0.1766
70    0.1755
71    0.1745
72    0.1737
73    0.1728
74    0.1718
75    0.1707
76    0.1700
77    0.1694
78    0.1688
79    0.1682
80    0.1684
81    0.1679
82    0.1694
83    0.1688
84    0.1682
85    0.1676
86    0.1671
87    0.1665
88    0.1660
89    0.1654
90    0.1649
91    0.1644
92    0.1639
93    0.1634
94    0.1631
95    0.1626
96    0.1622
97    0.1620
98    0.1627
99    0.1625
100    0.1622
101    0.1620
102    0.1617
103    0.1614
104    0.1613
105    0.1611
106    0.1610
107    0.1608
108    0.1608
109    0.1629
110    0.1627
111    0.1627
112    0.1626
113    0.1626
114    0.1626
115    0.1626
116    0.1627
117    0.1627
118    0.1643
119    0.1643
120    0.1644
121    0.1645
122    0.1645
123    0.1647
124    0.1649
125    0.1650
126    0.1651
127    0.1653
128    0.1655
129    0.1657
130    0.1661
131    0.1663
132    0.1667
133    0.1670
134    0.1674
135    0.1678
136    0.1682
137    0.1687
138    0.1690
139    0.1718
140    0.1723
141    0.1726
142    0.1751
143    0.1753
144    0.1756
145    0.1760
146    0.1763
147    0.1767
148    0.1769
149    0.1770
150    0.1770
151    0.1770
152    0.1771
153    0.1774
154    0.1775
155    0.1777
156    0.1781
157    0.1785
158    0.1789
159    0.1796
160    0.1804
161    0.1811
162    0.1821
163    0.1833
164    0.1848
165    0.1865
166    0.1882
167    0.1902
168    0.1918
169    0.1936
170    0.1948
171    0.1960
172    0.1968
173    0.1968
174    0.1967
175    0.1962
176    0.1954
177    0.1942
178    0.1933
179    0.1920
180    0.1911
181    0.1904
182    0.1898
183    0.1892
184    0.1889
185    0.1885
186    0.1874
187    0.1875
188    0.1875
189    0.1875
190    0.1878
191    0.1883
192    0.1885
193    0.1886
194    0.1886
195    0.1886
196    0.1887
197    0.1888
198    0.1889
199    0.1891
200    0.1891
201    0.1891
202    0.1890
203    0.1889
204    0.1887
205    0.1888
206    0.1885
207    0.1892
208    0.1891
209    0.1889
210    0.1887
211    0.1889
212    0.1889
213    0.1888
214    0.1889
215    0.1890
216    0.1891
217    0.1893
218    0.1894
219    0.1896
220    0.1899
221    0.1904
222    0.1906
223    0.1910
224    0.1910
225    0.1914
226    0.1916
227    0.1918
228    0.1921
229    0.1891
230    0.1893
231    0.1895
232    0.1897
233    0.1899
234    0.1901
235    0.1905
236    0.1906
237    0.1910
238    0.1913
239    0.1916
240    0.1921
241    0.1924
242    0.1930
243    0.1934
244    0.1939
245    0.1943
246    0.1949
247    0.1955
248    0.1961
249    0.1944
250    0.1949
251    0.1956
252    0.1961
253    0.1968
254    0.1974
255    0.1980
256    0.1987
257    0.1995
258    0.2002
259    0.1977
260    0.1983
261    0.1991
262    0.1999
263    0.2012
264    0.2019
265    0.2031
266    0.2044
267    0.2056
268    0.2064
269    0.2078
270    0.2087
